name                                       mean                  sd                    median               min                  max                 PC1                    PC2                    PC3                    PC4                    PC5                    PC6                    PC7                    PC8                    PC9                    PC10
area                                       11.319268357067       9.53314111525015      9.31523              1.81774e-17          70.0333             0.165754191430498      -0.00402800333322508   0.0155905474031004     -0.0219967336461355    0.0309565631067792     -0.00261907478766888   9.50450615046613e-05   -0.00263108859645183   0.000110521946373935   -1.93734236027662e-05
distance                                   4.26299371722287      1.09406748202385      4.23979              0.121602             6.72827             0                      0                      0                      0                      0                      0                      0                      0                      0                      0
adjacency                                  27.0447576067185      22.5277188120506      21.0755              1.92243e-06          208.879             0.159970702161517      0.00620088291359117    -0.00835645971272764   -0.0296177771179282    0.025863432126824      -0.0441148255795054    0.000243284968268448   0.0071746208258823     -0.0169248271669112    -0.000437726749005178
boundary                                   3.21561265984846      3.48277050852236      2.14554              0                    27.1466             0.08351396035933       -0.0593500233182033    0.0334668763605872     -0.0253908193427204    -0.0394846206515012    0.0431411293755324     0.000772071301024315   -0.0375503862991824    0.0395830881464419     0.000986883508449587
VE                                         -3.58681422198351     9.64365539095712      -0.919581            -161.342             73.9889             -0.0664908890997801    -0.10582848070231      -0.144801517041782     -0.0583176767848804    0.113575776735452      -0.0254873834606606    0.000450115720216848   -0.206101930388708     0.080464538933273      0.000936478468422662
VESSa                                      -1.76558143926926     6.39777927225677      -0.947099            -35.8013             53.9037             -0.0354807309127751    0.159392032239573      0.0156920182586161     0.0845629674167601     0.0741746147690275     -0.000621282560300779  -0.000304222005075772  0.106514203046349      -0.199322965035123     -0.00257803705424422
VESSb                                      5.919567298739        8.82405622563095      3.14647              -21.3554             87.5484             0.0961491205509297     0.111413387241412      -0.0355408565424328    0.0450136892190821     0.134650940984587      -0.0557334104429895    0.001161412878017      -0.0713449923941594    -0.198963805518956     -0.00229701225135834
MVE                                        -4.83252864323318     7.5808800807854       -2.2009              -96.6097             38.5916             -0.106499466064829     -0.0867277468954488    -0.0957181185186204    -0.0118898515594259    0.0289494742632577     0.0154128696156657     0.000794061395357613   -0.133470962718011     0.0726912483429931     0.000930684201497673
MVESSa                                     -1.25285409326963     3.40839161827398      -0.0185727           -27.465              29.637              -0.0421277799636174    0.122830126697312      -0.0362753984989234    0.033319644966663      0.06392669403361       0.0265398158076434     -0.00148144326605777   0.114029055077676      -0.146546685596992     -0.00269520619212768
MVESSb                                     2.30442850419703      3.90894648538305      1.00213              -13.484              39.8243             0.0955544017211856     0.0965189884066961     -0.0124768409838885    -0.0441667728571499    -0.0309199367120934    -0.0309864872134662    0.000562725840687461   -0.0857540938230658    -0.212436640392475     -0.00298897526875943
AKBP_kbp1_obs_pdb_aa                       -112.524965776518     96.6730448135778      -91.3222             -807.609             -1.24693e-16        -0.164859962469068     0.0030289334141836     0.0176581927699125     0.0382978413066609     -0.0296309484078661    0.006435828944932      -0.000113082934643115  0.00852148676634673    0.00492880972587517    0.000324123660134822
AKBP_kbp1_exp_pdb_aa                       -113.367917881371     97.6721462700358      -91.8037             -872.988             -1.53317e-16        -0.165854730865693     -0.00575484303573225   0.00529183602824469    0.0316617658169299     -0.0179901671038587    0.0040219151540008     -7.48488030402755e-05  -0.00865462052395527   0.0116781837611086     0.000398780844419396
AKBP_kbp1_pdb_aa                           -0.842952211336662    7.94571077343229      0.0572272            -121.517             65.8803             -0.0329577828919516    -0.107593157602534     -0.149792286525756     -0.0767579397823331    0.139367774535365      -0.0288636648153975    0.000455778163292012   -0.21006471943044      0.08358599879723       0.00095847430534558
AKBP_kbp2_obs_pdb_aa                       -9.90799643604055     9.44028827166207      -7.31008             -95.0403             -1.26982e-17        -0.152487964273197     0.0671742008736917     0.0252233079429834     -0.0241425171357855    -0.00194789099840897   -0.0234010532886147    9.20778481954265e-05   0.0316360689964099     -0.08727855647421      -0.00124141376790135
AKBP_kbp2_exp_pdb_aa                       -9.03643422910107     7.97891071190268      -7.10765             -60.6304             -1.33781e-17        -0.162158041538819     0.0419547400156084     -0.0027898261389352    -0.00136839165756932   -0.00188345642498147   -0.013911145355696     3.7448267834056e-05    -0.00149650218533911   -0.0594178830006131    -0.000805913004660409
AKBP_kbp2_pdb_aa                           0.87156218103946      2.47357513463674      0.170753             -10.0139             38.7011             0.0588968582410973     -0.12103562092576      -0.105262650423647     0.0877248649323708     0.00135864191164952    0.0444364496884607     -0.000230619743641358  -0.125564842120831     0.141432838223913      0.0021381989852941
AKBP_kbp1_obs_pdb_rr                       -76.355735669716      64.4266317103531      -62.7728             -532.873             -9.08137e-17        -0.164177719849898     0.00961039444630051    0.00642760709469878    0.0478920047385221     -0.0257057887672279    -0.0267224813024121    2.53412479817028e-05   0.00430260413752207    -0.00547660227250152   0.000154943966627939
AKBP_kbp1_exp_pdb_rr                       -75.6959611991052     64.127042196372       -62.1453             -599.557             -1.06902e-16        -0.165275310911637     -0.00574135193427449   -0.00271446113667739   0.0382077225674507     -0.0158077305197108    -0.0195732106121717    -2.92440210405975e-05  -0.0118093902730065    0.0117151624755199     0.000376784104250044
AKBP_kbp1_pdb_rr                           0.659774507694993     6.72070494313949      0.523895             -116.521             60.1795             -0.00315433111095004   -0.146910379639568     -0.087517526773608     -0.0945395415894987    0.0955903112587452     0.0694075052953023     -0.000521999497377884  -0.153927835105334     0.164283031673027      0.00210982798001173
AKBP_kbp2_obs_pdb_rr                       -3.15937464976612     2.893041001787        -2.45353             -35.9814             -3.56041e-18        -0.152601124957873     0.0706661383444376     0.0139311547949853     0.0196472507238336     -0.0239893809844105    -0.0104794324626825    0.000473328806441145   0.0144822567340718     -0.0974387419161299    -0.00122814719650312
AKBP_kbp2_exp_pdb_rr                       -3.0147169566809      2.6097518822575       -2.4283              -20.7279             -3.897e-18          -0.161840048002831     0.0415144968207858     -0.00415589283585007   0.0250947247352223     -0.0188502307620484    0.00389734196658716    4.6229644779479e-05    0.00130193976644641    -0.0557178003912462    -0.000668806306597353
AKBP_kbp2_pdb_rr                           0.144657688183313     0.675156487412475     0.00903938           -4.15795             15.2535             0.0283177914162277     -0.142333665610266     -0.0757591105051183    0.0128128817614312     0.0299306044265381     0.0599690897888304     -0.00184951412249483   -0.0570238534968284    0.202152594416399      0.00267739640344067
AKBP_kbp2_obs_pdb_rrfaa                    -9.09247577417363     8.39257493501746      -6.9233              -87.4792             -1.3273e-17         -0.15748096132066      0.0577868788426649     0.0183063416429761     -0.0227107886294235    -0.0089388295243481    -0.0104835430554172    0.000280935909459328   0.000762128404996577   -0.0855427499160895    -0.00118702400413195
AKBP_kbp2_exp_pdb_rrfaa                    -8.78200699088808     7.65681489589552      -7.01602             -62.5005             -1.31306e-17        -0.163760101939311     0.0351306742906746     0.000884844413010639   -0.00020587339396466   -0.0149538927354567    -0.000638574149952892  4.28424786867483e-05   -0.000461761143876034  -0.049068241069824     -0.000666663046579918
AKBP_kbp2_pdb_rrfaa                        0.310468802887901     1.55738968146187      0.0151316            -9.50549             24.9787             0.0435279527132247     -0.138688241074159     -0.0943002566783394    0.121373392789217      -0.0253497112259159    0.0533549660211539     -0.00130329553773517   -0.00637721512157093   0.21973787223209       0.00311911159304057
AKBP_kbp1_obs_idp_rr                       -64.198384358484      55.6866710381538      -51.8538             -561.008             -1.00941e-16        -0.164580466070175     -0.0197115287558879    -0.0014314711815465    0.0269139143339099     -0.00225736418371441   -0.017343941099064     -0.000259806661465444  0.0176123454457698     0.0445680098227475     0.000641102804004867
AKBP_kbp1_exp_idp_rr                       -64.3068556538974     55.8825421744085      -51.884              -588.767             -1.01025e-16        -0.164546488300207     -0.0201272408344544    -0.001993108489102     0.0260223866586746     0.000430113146508991   -0.0170888063065549    -0.000255077948967073  0.013600669807249      0.0445704779566028     0.000651501957664752
AKBP_kbp1_idp_rr                           -0.108471246775011    1.21313774217696      0.00214433           -44.1906             7.47363             -0.0250077007375191    -0.0223320814551303    -0.0261026876702794    -0.0367223188921409    0.123432738644507      0.00895214796095436    0.000176022008243324   -0.181952246701793     0.00730926018122822    0.000582539724246291
AKBP_kbp2_obs_idp_rr                       -53.0411121603627     44.2588166881686      -43.9343             -320.503             -8.48949e-17        -0.164816433253288     0.0069799334199172     -0.0141077781280762    0.0255868357490133     -0.0436897854512007    -0.0126739578937713    -3.50347477405068e-05  0.000762183987339687   -0.00485515685180031   -3.72179432121989e-05
AKBP_kbp2_exp_idp_rr                       -53.4429329866743     44.7986584542129      -44.1179             -325.625             -8.57361e-17        -0.165389610978484     0.00538434050735539    -0.0154451907894454    0.0233852882253789     -0.0363086611766964    -0.00420421216661556   -6.6583946994662e-05   0.00035973735489205    -0.00266075773640803   -1.09797822843723e-05
AKBP_kbp2_idp_rr                           -0.401820570913266    1.57802383718921      -0.0179761           -22.7919             8.33046             -0.0726556568455854    -0.0429095632987816    -0.0427942316231028    -0.0537466437048649    0.194597261662221      0.236112599486857      -0.000907618798547898  -0.011164407412834     0.0606359776204668     0.000732144681686876
AKBP_kbp1_obs_revoromqa_aa                 -111.524802705027     96.1402635888472      -90.1811             -791.276             -1.22618e-16        -0.164898332898628     0.00464025374220817    0.0195760157311385     0.0361932784144544     -0.0293994757744748    0.00665433983575163    -0.000106116349449468  0.00966861690560347    0.00250466729369153    0.000293527662721366
AKBP_kbp1_exp_revoromqa_aa                 -112.118104423075     96.8844123934598      -90.4927             -864.533             -1.53436e-16        -0.165952171025806     -0.00604100714989117   0.00580555105302416    0.0294792154041374     -0.0174038613990163    0.004202547449147      -7.0534404111108e-05   -0.0103814009484891    0.0108759555750552     0.000390583866323496
AKBP_kbp1_revoromqa_aa                     -0.593301358089233    8.81201504875741      0.0888461            -127.534             73.372              -0.0255116837816603    -0.117044122106325     -0.149747351511269     -0.0707619050301181    0.129404054216634      -0.026394501688302     0.000382228179414386   -0.219625057155804     0.0922503005344989     0.00109187940809229
AKBP_kbp1_obs_pdb_aa_solvated              -124.069024842214     107.425631736901      -100.262             -972.302             -1.78566e-16        -0.164900669590431     -0.0181193188511056    0.00774787867971836    0.0246916666586273     -0.0322578145894572    0.00850511939985447    -0.000132785155078277  -0.00858383818054478   0.0299174878594386     0.000611984982561713
AKBP_kbp1_exp_pdb_aa_solvated              -125.3010534896       107.666614016216      -101.64              -939.465             -1.72692e-16        -0.165941939541951     -0.00484358838519511   0.00354718218837585    0.0309459020201558     -0.019434101391737     0.00426778254617402    -7.82282948150744e-05  -0.00683310974554084   0.0107153720882972     0.000363795150885491
AKBP_kbp1_pdb_aa_solvated                  -1.23202886322074     9.25303070481007      -0.21737             -54.0914             88.3223             -0.0164106381299761    0.154002120274833      -0.048676765157273     0.0734162120111539     0.148374323655841      -0.0490833893767906    0.000631378610811303   0.0201475816971672     -0.22265320984405      -0.00287195384174887
AKBP_kbp2_obs_pdb_aa_solvated              -8.02098859948529     7.18814713086765      -6.25589             -65.948              -1.36176e-17        -0.162428263056215     -0.00299227581307586   0.0206225085498883     -0.0313958760626048    -0.0571101046190643    0.00475354188452595    -3.30923424201267e-05  -0.0224274846110111    -0.00776442276838561   -0.000106652607343965
AKBP_kbp2_exp_pdb_aa_solvated              -7.73254070193772     6.51238219161072      -6.36352             -47.8419             -1.24175e-17        -0.165754191460721     0.00402800321864889    -0.0155905460615447    0.0219967357292959     -0.0309565640369638    0.00261907547688749    -9.35977880513286e-05  0.00263109794876285    -0.000110518586765657  1.93797449500532e-05
AKBP_kbp2_pdb_aa_solvated                  0.288447873878378     1.91465790324509      0.0138677            -10.1544             21.9114             0.0460153233336712     0.0249343801134548     -0.130451098217415     0.192686803197026      0.109113407853259      -0.00893775376048358   -0.00019603607035077   0.0931480858932194     0.0287738540923412     0.000466313049718162
AKBP_kbp1_obs_pdb_rr_solvated              -86.5373231359075     73.2763754509868      -71.1753             -655.59              -1.41925e-16        -0.16432390823106      -0.020807321575875     -0.00860274727919333   0.029298856313329      -0.0293993101692057    -0.0235723476626609    -9.99570232269771e-05  -0.00532388530450825   0.0348596582884        0.000575315392990158
AKBP_kbp1_exp_pdb_rr_solvated              -86.048736900838      72.7196388333535      -70.7316             -616.719             -1.24359e-16        -0.165454490578723     -0.00444135472751721   -0.00393981224308478   0.0373801312845819     -0.0189691660149737    -0.0159613921520648    -5.0634602476516e-05   -0.00572547541089319   0.0110503004189621     0.000330490455279765
AKBP_kbp1_pdb_rr_solvated                  0.488586267996445     7.31276622448543      0.0490384            -52.1985             63.1991             0.00126759342307135    0.164330620401883      0.0470241220359203     0.078131271635235      0.105957726559916      0.077479518385197      0.000498092872029253   -0.00358819039962514   -0.239419041632062     -0.00247838884430812
AKBP_kbp2_obs_pdb_rr_solvated              -3.69462304913522     3.13568634564699      -3.03104             -28.1013             -7.46707e-18        -0.162315489404848     -0.0256995730886698    -0.0215455987867094    -0.00153224952140826   -0.0563551626375186    -0.0248281040720882    -0.000124246105837007  -0.00270572413988223   0.0389382720365386     0.000373115743744638
AKBP_kbp2_exp_pdb_rr_solvated              -3.55432670581373     2.99347068534669      -2.92504             -21.9909             -5.70782e-18        -0.165754191262956     0.0040280031013968     -0.0155905481854381    0.0219967343287925     -0.0309565659488358    0.00261907598072386    -9.40358589329146e-05  0.00263109355777359    -0.000110518472448196  1.93784668592683e-05
AKBP_kbp2_pdb_rr_solvated                  0.140296346181704     0.648064498293772     0.0285402            -3.58672             11.2073             0.019735922687048      0.142954150489711      0.0322350539311599     0.109018833971831      0.129685466940806      0.1322295478171        0.000166234186248691   0.025245022019358      -0.188914899442678     -0.00171582805652185
AKBP_kbp2_obs_pdb_rrfaa_solvated           -7.79422743417055     6.73214234438966      -6.27239             -60.4084             -1.55829e-17        -0.164649704906084     0.00357465435802182    -0.00252200375610835   -0.0306032791778076    -0.0364199339424004    -0.0266326049701833    9.88986279224277e-06   -0.0091697228180281    -0.0108807613313666    -0.000319845838185538
AKBP_kbp2_exp_pdb_rrfaa_solvated           -7.73254070193772     6.51238219161072      -6.36352             -47.8419             -1.24175e-17        -0.165754191460721     0.00402800321864889    -0.0155905460615447    0.0219967357292959     -0.0309565640369638    0.00261907547688749    -9.35977880513286e-05  0.00263109794876285    -0.000110518586765657  1.93797449500532e-05
AKBP_kbp2_pdb_rrfaa_solvated               0.0616867235961177    1.31982172120197      0.000113745          -10.6144             14.6628             0.0219655453742055     0.00164174438100893    -0.0640640421125648    0.264639354726236      0.0330220289400609     0.148770774431793      -0.000515066421089938  0.0597554711177181     0.0549552304262292     0.00172708395941452
AKBP_kbp1_obs_idp_rr_solvated              -109.329186194073     93.0757527664217      -89.3961             -795.446             -1.73577e-16        -0.165724180649796     -0.010546058887464     -0.00770919902804188   0.0273354884331297     -0.0151228018950576    -0.00953113772173395   -0.00018842924534403   0.0111534184329905     0.0271149568586302     0.000407707515232977
AKBP_kbp1_exp_idp_rr_solvated              -109.627591256173     93.5163416596417      -89.4981             -804.315             -1.74637e-16        -0.165852733379171     -0.0102755696657511    -0.00730306486294075   0.0253445139875281     -0.0134026676366673    -0.00837680538230286   -0.000201398344682398  0.012601783963768      0.027158587505247      0.000394041898804295
AKBP_kbp1_idp_rr_solvated                  -0.29840557312274     1.04265459496188      -0.0888276           -10.4018             8.83102             -0.0815591600806851    0.0198039260831495     0.0331689045343184     -0.167020685571027     0.147889541538786      0.0995050791755491     -0.00124278055437409   0.134617439316456      0.0153711130353882     -0.00105339193345459
AKBP_kbp2_obs_idp_rr_solvated              -3.62382051020935     3.04949025647598      -2.98529             -22.7902             -5.80955e-18        -0.165179042397319     0.00297626803188602    -0.0184896706780264    0.0294094915564386     -0.0336843380951233    0.00917373639790746    -4.17141522076361e-05  -0.00410891569746039   -0.00216983367024307   7.1290244248843e-05
AKBP_kbp2_exp_idp_rr_solvated              -3.64380360804242     3.06882857681169      -2.99868             -22.5445             -5.85151e-18        -0.165754191470493     0.004028002743445      -0.0155905469955295    0.0219967355425607     -0.030956563624945     0.0026190769906337     -9.40304303942784e-05  0.0026310921814531     -0.000110517470129096  1.9378571366875e-05
AKBP_kbp2_idp_rr_solvated                  -0.0199830927609456   0.124675303834399     -0.00849116          -1.88066             1.66348             -0.0397778633777705    0.0263496629989447     0.0684927482714705     -0.177900136691995     0.0619181716910839     -0.159917175275725     -0.00129737498799248   0.165265050093226      0.0503525824299589     -0.0012667462829462
AKBP_kbp1_obs_revoromqa_aa_solvated        -126.714861064151     110.305155317914      -101.976             -1014.49             -1.93886e-16        -0.164621242922323     -0.0231413800427159    0.00598616753289387    0.0193065796376899     -0.0330473454575185    0.00876034646449388    -0.00014622556960658   -0.00862501168103756   0.0371496321427591     0.000678106580551363
AKBP_kbp1_exp_revoromqa_aa_solvated        -126.645722595756     109.046137140587      -102.49              -945.73              -1.76978e-16        -0.166052510559784     -0.00491427499068859   0.0036080947243933     0.0288273307040422     -0.0191576827354311    0.0043977050558443     -7.47502345499386e-05  -0.00816561865507291   0.00978047935047462    0.000349417594037834
AKBP_kbp1_revoromqa_aa_solvated            0.0691384631773362    12.2719477919172      0.0148031            -66.8111             118.221             0.00417104834988783    0.164336654890335      -0.0217452362662633    0.0826188280998898     0.126811284796658      -0.0396643207838314    0.000650106416276775   0.00496694237624341    -0.24700826115494      -0.00299023539957152
IRCAD_sum                                  4.18830725645171      7.38839612221416      0                    0                    66.8414             0                      0                      0                      0                      0                      0                      0                      0                      0                      0
IRCAD_goodness                             -4.84478461812419     44.1986710154664      -4.07501             -216.893             343.836             0                      0                      0                      0                      0                      0                      0                      0                      0                      0
adjacency_coeff                            7075193048.89228      7854537515939.75      2.54799215665207     0.707957464135814    8719728894121272    -0.000179603231634369  0.000113294934611808   0.000507697834461673   0.000760854241311409   0.00010481754914673    0.000268451353447914   0.00226867199619104    -0.00244904374926666   0.00837318391141956    -0.707043615460744
boundary_coeff                             210843449.985073      234068211085.914      0.268385593246602    0                    259851243852256     -0.000179603232277395  0.000113294934786436   0.000507697834558292   0.000760854240951667   0.000104817548594044   0.000268451353536796   0.00226867199625379    -0.00244904374763717   0.00837318391345749    -0.70704361546079
VE_coeff                                   -0.210780906219984    0.67405728356477      -0.188502455809628   -4.60324753645068    4.19099226777266    -0.0355527369192598    -0.0998768464445725    -0.169707660886283     -0.0577159713486555    0.141965637581355      -0.0983433596942876    0.00180013026686859    -0.11087641159954      -0.153139192965681     -0.00198192109959268
VESSa_coeff                                -0.144240369982372    0.445320471889172     -0.241360033150952   -0.842672064777328   2.19387335748662    -0.00394094612647606   0.166572645484449      -0.0167665942256289    0.0674674397895463     0.0871294379968167     -0.03608882563323      -0.00100511283363603   0.0232511367407858     0.147368962993574      0.00159721464171585
VESSb_coeff                                0.559117725399323     0.541051494505777     0.645884908402677    -0.842670942301939   2.51900267326476    -0.0116072580951869    0.135129226640059      -0.111344853517587     0.0694914662058259     0.139575173799842      -0.142825310514214     0.00107927181181846    -0.118033493216179     0.0379331390506778     0.00111633862967768
MVE_coeff                                  -0.340035477950235    0.496741271829186     -0.299844341653511   -3.88102633620605    1.76150924942502    -0.0375303218428265    -0.0933837377164091    -0.120236918830151     -0.0211832131135126    0.0632101230163114     -0.0324426866387514    0.00220181617870213    -0.0967624075726215    -0.143517943638344     -0.00242724596587041
MVESSa_coeff                               -0.115647859876363    0.252938507756585     -0.0140773142268839  -0.597195654635274   0.712729605813316   0.00576813253069823    0.124483708811386      -0.0527179928900553    0.0139093496419167     0.067441101626594      0.00689434000046913    -0.0024381817045755    0.0851804572325672     0.116039805783992      0.000590482115977602
MVESSb_coeff                               0.195910586162593     0.227205428855673     0.133052175156668    -0.59719474827399    0.712732313522249   0.0120362889080676     0.118167148351375      -0.0435883382454766    -0.0453605956710643    -0.0692000829870181    -0.0276225550605961    6.02182920364104e-05   -0.171466273200739     -0.047380540789758     8.41335127884736e-05
AKBP_kbp1_obs_pdb_aa_coeff                 -9.99755725959023     1.1288003428417       -10.0002981559057    -17.0505151983036    -6.34024650241582   0.00499247453404866    -0.0199561723865244    0.272714155952345      0.104274645149857      0.00511207655927313    0.0884389452623967     -0.000423855748662426  -0.0549704144502079    0.0520483744885321     0.000644768875326644
AKBP_kbp1_exp_pdb_aa_coeff                 -9.98584476180209     0.880537779898895     -9.92679326057133    -15.4403150171781    -7.93921863550465   -0.0162634264595088    -0.0889976103167288    0.229450021314923      0.087163555051615      0.109427262541727      0.0383209496298767     0.000558577134363266   -0.127849032571356     -0.037950619387431     0.000228664027096072
AKBP_kbp1_pdb_aa_coeff                     0.0117124931182316    0.595748377741272     0.0399301934453269   -3.6730235156207     3.79320540106917    -0.0334974816220392    -0.0937295450770293    -0.177592454247578     -0.0687445603248014    0.152051345415568      -0.11093086221731      0.00162869951169235    -0.084809763987514     -0.154711578589295     -0.000883690914720786
AKBP_kbp2_obs_pdb_aa_coeff                 -0.859789607457541    0.290541951992005     -0.815098824231141   -2.47494157563335    -0.145423543972926  -0.0167220302954181    0.146082206164886      0.0879410439670351     -0.12146549966595      0.062556782453978      -0.0518900633788613    -0.00019537357139992   -0.0155029730567255    0.110214149826614      0.00185097857851653
AKBP_kbp2_exp_pdb_aa_coeff                 -0.785440087785769    0.140449272390595     -0.765547823272374   -1.36246532762692    -0.454130348324661  -0.0248365893873465    0.153167540390348      0.0297106840067639     -0.109610232158267     0.120088640153069      -0.0840968584170702    0.000350496100474659   -0.113383978599228     0.0600719589815397     0.00145071599808401
AKBP_kbp2_pdb_aa_coeff                     0.0743495183866141    0.179168375089147     0.0461908141605715   -0.470504810139469   1.50297243021106    0.00764738897849776    -0.11682162281994      -0.119316358542203     0.111047196944738      -0.00730602463777877   0.018222508058419      0.000591569967192468   -0.0637413444649777    -0.13163468166983      -0.00186437226230245
AKBP_kbp1_obs_pdb_rr_coeff                 -6.78988279297299     0.664289624639298     -6.85660380894668    -8.7550223393655     -4.99593301553342   0.012016523935976      0.0341907517480614     0.163748010881766      0.196313217286481      0.048007215845958      -0.233964881409868     0.000263897303225491   -0.0883163493776605    0.0947642311936109     0.00130488346641346
AKBP_kbp1_exp_pdb_rr_coeff                 -6.70201436661158     0.562572574157175     -6.62831232510616    -10.3416437671746    -5.67931421828373   -0.0011490925099797    -0.0822896163469887    0.130759406779894      0.15580486264185       0.141758436750853      -0.228554047552073     0.000695122646546527   -0.114781161626453     -0.0118393726302827    0.000455629861504884
AKBP_kbp1_pdb_rr_coeff                     0.0878684216543383    0.44336133189166      0.162376605598353    -2.63778166375219    1.20431802854383    -0.0194624514548151    -0.155643805308258     -0.0794260831846358    -0.0964389439290294    0.107945149964237      0.0605425121557051     0.000486590845555168   -0.0133189261495107    -0.157008275873173     -0.00137697910564642
AKBP_kbp2_obs_pdb_rr_coeff                 -0.279231501135679    0.0733659475125501    -0.27037378995664    -0.615709764918626   -0.143611915852875  0.000190190685083709   0.183156849268249      0.0638596899510075     -0.0107291160406568    0.00549846797656413    -0.0204384356318803    0.00102936030106493    -0.112046157125607     0.113861934863324      0.00189186237634598
AKBP_kbp2_exp_pdb_rr_coeff                 -0.265873270448612    0.0364266076966788    -0.264974704213288   -0.354693057058915   -0.18167495854063   -0.00251047613324673   0.186244568978159      0.0429097003151533     0.00945608814554002    0.042928888998317      0.0139286007897743     0.000399495806516651   -0.149987703531317     0.101824349718542      0.00167038261067741
AKBP_kbp2_pdb_rr_coeff                     0.0133582305640799    0.0426664206557741    0.00542811692884067  -0.0941269953661089  0.26101620759725    -0.00247036679592011   -0.155935691684267     -0.0731739847725449    0.0265221415467825     0.027195946934511      0.0470359642884773     -0.00142893934935512   0.0646135519017667     -0.108855460573002     -0.00182701067388748
AKBP_kbp2_obs_pdb_rrfaa_coeff              -0.791984641436646    0.198621306198388     -0.766728715931441   -1.49693664705497    -0.346055218394735  -0.0186421451898944    0.159160161424755      0.0883531032002086     -0.152926796142381     0.0686175781056015     -0.00905780967491483   0.00101651412486736    -0.123126248518042     0.0715489126695174     0.00166128717535109
AKBP_kbp2_exp_pdb_rrfaa_coeff              -0.76943815941435     0.102337871721819     -0.766601830789349   -1.06950436293361    -0.531537764081278  -0.0194433899960833    0.162551881749589      0.0764045962952433     -0.138913558139419     0.0860547109602896     0.00829006224174902    0.00070827467472528    -0.132285232327237     0.0727247272580689     0.00158487943799832
AKBP_kbp2_pdb_rrfaa_coeff                  0.0225464838509798    0.100011236758194     0.00917393213322461  -0.215183612290782   0.42743362082829    0.0171273957320241     -0.149757025746873     -0.0972863147591139    0.161565870490592      -0.0482171442756728    0.0264716406830176     -0.00129403514558278   0.109164820591619      -0.067678844876859     -0.00167756013999557
AKBP_kbp1_obs_idp_rr_coeff                 -5.64908688571339     0.722489264714632     -5.5796742578829     -8.73595365744352    -4.37151742082884   -0.0165403836300606    -0.128856292164845     0.102496674645409      0.0392584306208854     0.19075555779279       -0.146137455677826     -0.0005191231937102    0.171263702140843      0.0398383939641102     0.000159154701135457
AKBP_kbp1_exp_idp_rr_coeff                 -5.65550363344202     0.739377951802816     -5.55774816760279    -9.16820930519561    -4.36984677639948   -0.0175579984421633    -0.128448245420359     0.097774707675463      0.0343648084989972     0.200396176548224      -0.142739538877195     -0.000406311552907272  0.151666392995376      0.0343791660981247     0.000141918521618525
AKBP_kbp1_idp_rr_coeff                     -0.0064167524307121   0.0759680748398632    0.00503076107484841  -1.00037977213672    0.156223907977589   -0.0135813046843008    -0.0246749561383228    -0.0231713776925276    -0.0389007813393712    0.13623713993722       0.000582728413501126   0.000982681203527235   -0.152661684035837     -0.0442767439079112    -0.000132281281747278
AKBP_kbp2_obs_idp_rr_coeff                 -4.71127034599487     0.173663778094506     -4.73673200850231    -4.98942096590315    -4.10360961808327   0.0400899374056858     0.0508083626331266     0.0182603342690043     0.0783068870556342     -0.241251070086746     -0.276055997043294     0.000294534424369154   -0.11955450163402      0.0179506543024332     0.000464512789874169
AKBP_kbp2_exp_idp_rr_coeff                 -4.73295657422076     0.0830578095954004    -4.74198888985266    -4.89121850319669    -4.45851760564832   0.0384389768945269     0.0480119785961383     -0.00119119136988989   0.0685576021478788     -0.222219255513832     -0.264814048484236     0.000489665731215278   -0.162616099594437     -0.00688110059786475   0.000185258717368796
AKBP_kbp2_idp_rr_coeff                     -0.0216862150306563   0.0957228491774152    -0.0120212828604386  -0.354912985603659   0.17402810485272    -0.0393794287736197    -0.0505187669020418    -0.0341621435725537    -0.0825803257894262    0.244868783846998      0.271053959144438      -0.000109469458221983  0.0757995065548103     -0.0385374445948515    -0.000682007268359719
AKBP_kbp1_obs_revoromqa_aa_coeff           -9.89020697861971     1.15465349310476      -9.89423703636336    -17.9070919155214    -6.29292777250307   0.000867690005274128   -0.010337202773804     0.277840033609605      0.0864298591544936     0.00667323109188311    0.0916267173237333     -0.000424117283866082  -0.0544445000570706    0.0551317042973706     0.000765975107606466
AKBP_kbp1_exp_revoromqa_aa_coeff           -9.85600227157716     0.896487634243763     -9.79367722259043    -15.314697657151     -7.8472859765894    -0.0213002947352162    -0.0896863051288996    0.228507025277848      0.0660310286932701     0.112815494322382      0.0411632091002172     0.000658607757965555   -0.141475862886224     -0.0533268206894946    0.000159685014453042
AKBP_kbp1_revoromqa_aa_coeff               0.034204729390302     0.663818901289948     0.0535139912742591   -3.89845693807209    4.18835043903796    -0.0302753210340182    -0.103140740513895     -0.17467903252971      -0.0611620773020375    0.140749874084069      -0.103785556272917     0.00162714212367642    -0.096361872673837     -0.167914566551615     -0.00111668551263144
AKBP_kbp1_obs_pdb_aa_solvated_coeff        -10.9804546916203     1.35170768472293      -10.8719032685724    -19.6843022490435    -7.65282488830447   -0.00384200594488183   -0.137744150941188     0.208097211254447      0.0255684266861527     -0.00979890439240812   0.0959806688264731     0.000238687713230162   -0.0708070040245432    -0.0786361457753581    -0.000654585853982699
AKBP_kbp1_exp_pdb_aa_solvated_coeff        -11.0399627300368     0.886849365599962     -10.9861560872345    -16.5062063131244    -8.99753594710084   -0.0161492671656324    -0.0886618060799502    0.230135745969416      0.0876742225077268     0.106506174857591      0.0425134144116415     0.000482945494424156   -0.120905378452199     -0.0370043978864339    0.000227786124582412
AKBP_kbp1_pdb_aa_solvated_coeff            -0.0595080512773551   0.711774854265237     -0.0997725418686117  -1.71616629424061    4.16241305475389    -0.0128252631814105    0.15111541241587       -0.108448415694258     0.0606832187423843     0.151312147382223      -0.129303258001848     0.000148483899298968   -0.0161771612016189    0.103228923235405      0.00152693872165353
AKBP_kbp2_obs_pdb_aa_solvated_coeff        -0.706038725926135    0.149575286598746     -0.693707459614171   -1.8374512564115     -0.361549611865905  -0.0107378347664082    -0.0391343892556035    0.181699778635041      -0.185655997962447     -0.0977531772471188    0.0989143803990201     0.000603682760315259   -0.152285890352        -0.107218039906657     -0.000763394923925625
AKBP_kbp2_exp_pdb_aa_solvated_coeff        -0.683130786269436    1.39914929800099e-06  -0.683130785890296   -0.683136405232276   -0.683125114514695  -0.000128580180827499  -0.000180177458399353  0.000214050704853594   0.000368526193716944   -0.000134320410369027  0.000760572346555277   0.54420993301718       0.00274026061977536    0.00168934113919888    0.00136824252244238
AKBP_kbp2_pdb_aa_solvated_coeff            0.022907938094203     0.149575285819405     0.0105767515800085   -0.321580760643622   1.15431583933113    0.0107378329152575     0.0391343866368925     -0.181699779988012     0.185655997958963      0.0977531755689631     -0.0989143786388842    -0.000600361390488792  0.15228590090264       0.107218052019928      0.000763398963925969
AKBP_kbp1_obs_pdb_rr_solvated_coeff        -7.67985112972733     0.769930830470391     -7.66415723927547    -12.0395703222583    -6.09856105345754   0.00483381555911123    -0.168692435324714     0.0747979319390625     0.0737519571056511     0.0306150187078637     -0.216276342113509     0.000107236100293529   0.0258577907509754     -0.0723531780448459    -0.000771179468689282
AKBP_kbp1_exp_pdb_rr_solvated_coeff        -7.61846671887679     0.551650296463839     -7.56334506423295    -10.6088693410475    -6.287613456985     2.82713396473776e-05   -0.0830877652638883    0.137107997112401      0.167026724387027      0.132816090599214      -0.221475928529958     0.00037853863555351    -0.0808165172953842    -0.0048646775702867    0.000474319307562632
AKBP_kbp1_pdb_rr_solvated_coeff            0.0613844140286373    0.475937405848556     0.0633952162425254   -0.893217397137371   1.43069158504897    -0.00778696477108719   0.176590695096566      0.0379176650232304     0.074288006649372      0.10441834421246       0.0931646994142154     0.000265285561460431   -0.135503478424213     0.111408217695363      0.00179733777646348
AKBP_kbp2_obs_pdb_rr_solvated_coeff        -0.328749491002198    0.0435343454129036    -0.328413866229525   -0.567718342942558   -0.25263002307707   0.0102447384283334     -0.152172860778834     -0.0171083225198222    -0.104752491119389     -0.125231501128458     -0.155031988429216     4.56979301886648e-05   0.0741731259914447     -0.123016517145032     -0.00175085795158291
AKBP_kbp2_exp_pdb_rr_solvated_coeff        -0.314006753430913    5.88335202045134e-07  -0.314006753974137   -0.314008792170592   -0.314004731595775  8.17848697466845e-05   -0.00010693299359163   2.75828405183455e-05   -9.53297339935556e-05  -0.000526390043500324  0.000864279594052818   0.451583083650385      0.00190321789601265    0.00183915963445706    0.0018911077637966
AKBP_kbp2_pdb_rr_solvated_coeff            0.0147427380875223    0.0435343459188404    0.0144068412000764   -0.0613756237804511  0.253709717711716   -0.0102447385626404    0.152172858668716      0.0171083222074296     0.104752493689611      0.125231498500125      0.155031998824887      -4.04502622508189e-05  -0.0741731034617913    0.123016533607018      0.00175087830249452
AKBP_kbp2_obs_pdb_rrfaa_solvated_coeff     -0.68537397311745     0.0912343149256707    -0.684241868250366   -0.980829298416761   -0.479392197587356  -0.0172796818319871    -0.00397909402400791   0.0725889929367789     -0.291802659222237     -0.00932346368815455   -0.131970597215344     0.000860900831960277   -0.0606291304725643    -0.0734862302858912    -0.000182254871480022
AKBP_kbp2_exp_pdb_rrfaa_solvated_coeff     -0.683130786269436    1.39914929800099e-06  -0.683130785890296   -0.683136405232276   -0.683125114514695  -0.000128580180827499  -0.000180177458399353  0.000214050704853593   0.00036852619371694    -0.000134320410369025  0.000760572346555269   0.544209933017171      0.00274026061977532    0.00168934113919885    0.00136824252244236
AKBP_kbp2_pdb_rrfaa_solvated_coeff         0.00224318681684771   0.0912343140290571    0.00111050013901331  -0.203736815767188   0.297692751720391   0.0172796789032784     0.00397909053501323    -0.0725889931538411    0.291802662214437      0.00932345251729622    0.131970601000815      -0.000855458800980143  0.0606291535213594     0.0734862521711451     0.000182261516331867
AKBP_kbp1_obs_idp_rr_solvated_coeff        -9.64485474135879     0.717116107502576     -9.58311128336805    -12.3865799670024    -8.49616476670763   -0.0130814015958186    -0.13390491381214      0.0994469063539975     0.0627186411632556     0.178778856055419      -0.150767018292682     -0.000608109546768477  0.166497744602587      0.0339406028847668     0.000127969555291017
AKBP_kbp1_exp_idp_rr_solvated_coeff        -9.66119806324242     0.729736774228051     -9.60699881288572    -12.5247072265067    -8.3685199158733    -0.0168827309017342    -0.129516985815273     0.101908624575202      0.0409700897067119     0.194161989573359      -0.135853755783814     -0.000658316268222717  0.181063998216812      0.0402831511694553     0.000151146419484232
AKBP_kbp1_idp_rr_solvated_coeff            -0.0163433589235628   0.0717036376722576    -0.0274270522469784  -0.211183750627664   0.260860300218752   -0.0409891006449904    0.0210876889724507     0.0425571107784562     -0.210298451880658     0.18802325462463       0.125237093970233      -0.00061788389980848   0.177547792133567      0.0705229392268865     0.00025818230045216
AKBP_kbp2_obs_idp_rr_solvated_coeff        -0.320507668996114    0.00838133150824147   -0.320124988346851   -0.357585313772787   -0.283727968836525  0.018582364950199      -0.0277460328148447    -0.0762840027876992    0.206186370433252      -0.087736555739777     0.164586545988806      0.00114180503442311    -0.185442322748104     -0.127980753290318     -0.000108757351633898
AKBP_kbp2_exp_idp_rr_solvated_coeff        -0.32191158314298     6.04091475259703e-07  -0.321911583047955   -0.321913667584184   -0.32190949527814   -0.000321531774682106  -0.000171849747478391  -5.40643875274996e-06  0.000663300713474424   -0.000253504642998395  0.000411059659549169   0.451305965868419      0.00181325475676299    0.0015451031856143     0.00195999982554208
AKBP_kbp2_idp_rr_solvated_coeff            -0.00140391367689119  0.00838133062635743   -0.0017868470560384  -0.0381822025261028  0.035671842320318   -0.0185823893097146    0.0277460401284464     0.0762840218883473     -0.206186364117438     0.0877365312896438     -0.164586527217548     -0.0011138394622382    0.185442443899248      0.12798087462923       0.000108892640464069
AKBP_kbp1_obs_revoromqa_aa_solvated_coeff  -11.1933314146962     1.47254560743925      -11.1038244069781    -20.1014921880061    -7.40465998298869   -0.00751199131578623   -0.154804498106715     0.186493286825653      -0.00505525007641485   -0.0102408311836192    0.0911409012574255     0.000265160210912639   -0.0461597364055369    -0.090562549228679     -0.000795521941071961
AKBP_kbp1_exp_revoromqa_aa_solvated_coeff  -11.1393296276243     0.902662564856437     -11.0814154274374    -16.6097919462475    -9.08877275119313   -0.0211561408820889    -0.089365145035787     0.229221921805267      0.0666905155827029     0.109938969235822      0.0452685758036707     0.000583911856988667   -0.134579987114284     -0.0522977604624858    0.000159351736849337
AKBP_kbp1_revoromqa_aa_solvated_coeff      0.0540018034370461    0.873181286435625     0.0252214903358002   -2.04621525907216    4.35198361506031    -0.0092021095401723    0.168682169286371      -0.0775438392411037    0.0774674500690527     0.130921148257831      -0.106904356352803     0.00015644677537483    -0.0612793608648807    0.0986625031854337     0.00150629958126599
